<?xml version="1.0"?>
<opencv_storage>
<calibration_Time>"01/07/17 19:04:53"</calibration_Time>
<nrOfFrames>35</nrOfFrames>
<image_Width>640</image_Width>
<image_Height>480</image_Height>
<board_Width>9</board_Width>
<board_Height>6</board_Height>
<square_Size>23.</square_Size>
<FixAspectRatio>1.</FixAspectRatio>
<flagValue>14</flagValue>
<Camera_Matrix type_id="opencv-matrix">
  <rows>3</rows>
  <cols>3</cols>
  <dt>d</dt>
  <data>
    8.7475498926674254e+002 0. 3.1950000000000000e+002 0.
    8.7475498926674254e+002 2.3950000000000000e+002 0. 0. 1.</data></Camera_Matrix>
<Distortion_Coefficients type_id="opencv-matrix">
  <rows>5</rows>
  <cols>1</cols>
  <dt>d</dt>
  <data>
    -2.4116062167561120e-001 3.0335726316159073e-001 0. 0.
    -1.7140318715841631e+000</data></Distortion_Coefficients>
<Avg_Reprojection_Error>6.3811230765672200e-001</Avg_Reprojection_Error>
<Per_View_Reprojection_Errors type_id="opencv-matrix">
  <rows>35</rows>
  <cols>1</cols>
  <dt>f</dt>
  <data>
    3.96065652e-001 1.31905794e+000 6.10697865e-001 4.00203496e-001
    5.50880373e-001 4.77729231e-001 6.30483687e-001 5.76169074e-001
    6.75168157e-001 6.27461195e-001 6.07830584e-001 7.61646986e-001
    5.72534442e-001 5.43854117e-001 3.82530034e-001 3.09073120e-001
    3.74656975e-001 4.56882179e-001 4.51030910e-001 5.61779380e-001
    6.75764620e-001 6.83353186e-001 7.11770356e-001 8.03113103e-001
    6.48502886e-001 5.15242219e-001 5.36760747e-001 5.53323328e-001
    6.00622118e-001 6.05314255e-001 6.13823354e-001 5.14117777e-001
    1.09339547e+000 9.86704051e-001 3.67293894e-001</data></Per_View_Reprojection_Errors>
<Extrinsic_Parameters type_id="opencv-matrix">
  <rows>35</rows>
  <cols>6</cols>
  <dt>d</dt>
  <data>
    -2.6151934344845499e-003 1.4776041352578778e-001
    1.1699926839916667e-002 -1.1630665575823531e+002
    -6.6013327617502654e+001 4.4351147057426061e+002
    4.4012191228614155e-002 1.6952762876905211e-001
    2.4371462568834514e-002 -1.1741731061375931e+002
    -7.0118526907421625e+001 4.3087674974682454e+002
    -1.8348365241724875e-002 1.3806437717030381e-001
    5.8442570489658445e-002 -4.4965441046272652e+001
    -7.7490757673292563e+001 4.2468092835992570e+002
    -5.4913496522986993e-002 2.1488012474779025e-001
    6.1821019338681511e-002 -7.0260268947990113e+001
    -7.4671705354828703e+001 4.4935517015993804e+002
    -5.3643004762595203e-002 1.6216824039811015e-001
    5.3857747696935590e-002 -1.2240877853996176e+002
    -6.9121376338384295e+001 4.5197533089103041e+002
    -3.9103456872740922e-001 1.0695802480624415e-001
    1.0412630571371025e-001 -1.3678523114108825e+002
    -4.3048556800056865e+001 4.8852198431534811e+002
    -5.6591763979272713e-001 1.2513104189474628e-001
    3.8729767665310902e-002 -9.4581066458782871e+001
    -3.7401056867448560e+001 4.7579236865161113e+002
    -8.1521686942863336e-001 1.3178466491119495e-001
    6.9914075343409279e-002 -8.6896758915276195e+001
    -1.2495016014876738e+001 5.0888605959972466e+002
    -1.0265081510913350e+000 1.4509900637587944e-001
    9.8530882024388033e-002 -7.9951282959304422e+001
    1.1806172436132021e+001 5.3048271575897695e+002
    1.6438270376231667e-001 -7.1853433756007737e-002
    4.8587027173395206e-002 -1.1299030579952158e+002
    -4.5184252107692267e+001 4.3620742917398104e+002
    5.4252534273010122e-001 -6.5688367533051864e-002
    4.0568567197404428e-003 -1.2176287928813814e+002
    -3.8695421546444507e+001 3.9484621321374146e+002
    8.1672829679193948e-001 -7.5354856547931406e-002
    7.9181980457306411e-003 -1.3091360431933342e+002
    -3.1417088975503205e+001 3.7552052884768455e+002
    4.5316156716303785e-001 -9.4739758159242807e-002
    -2.0453546150077331e-001 -1.2793468858871826e+002
    -3.7147039949137316e+001 3.9549554482237619e+002
    3.6179276715274400e-001 -8.4233429889655487e-002
    -3.0298442592347069e-001 -1.3266243800338157e+002
    -2.0239667482564876e+001 4.0227189657610285e+002
    1.4020761070977197e-001 1.8264199079242968e-002
    -3.9559673561170872e-001 -9.2298199286172448e+001
    -2.3544503983080336e+001 4.2450231923536813e+002
    6.1484317882791739e-002 1.3972747028064150e-001
    1.6963897801091490e-001 -8.9079933804707650e+001
    -7.7193879366847597e+001 4.7431084305480312e+002
    1.4236420674401726e-001 2.9889943678435832e-001
    2.7210491254872760e-001 -1.0503626582801354e+002
    -8.8732798692073814e+001 4.9236258259579461e+002
    1.7806161926865828e-002 4.4316708115794884e-001
    3.8733948126778445e-001 -1.0332653612648760e+002
    -1.0714599392090861e+002 5.2686851907979815e+002
    -1.8703138907726483e-001 4.6852208751116109e-001
    4.8836219504368511e-001 -8.7679888155066990e+001
    -1.0019998959793932e+002 5.3197996061734034e+002
    1.4579840128229417e-002 5.7878463440487105e-001
    2.5717062395315532e-001 -9.7290055774986357e+001
    -9.7437939386009447e+001 5.2986177597776179e+002
    -3.3787304511274416e-002 -7.4776272390095522e-001
    -3.1130182118633828e-002 -9.2970612563721446e+001
    -6.2112060037324284e+001 3.1350741400375858e+002
    -3.3934053688709102e-002 -8.2441958933082926e-001
    -3.6662188810384369e-002 -8.2422439171910412e+001
    -6.1548588051123659e+001 3.1448920380760217e+002
    -5.7743274559934384e-003 -1.0217696258071003e+000
    -6.0495753903508684e-002 -8.3832191184827224e+001
    -5.5988501672181627e+001 3.1231178160573677e+002
    1.1651747066975979e-002 -9.2692495008965914e-001
    1.0200161351640664e-001 -7.4418098009823495e+001
    -7.5200894893335956e+001 3.3379312972329063e+002
    1.1942670540308281e-002 -8.2669367367987079e-001
    3.8821583162727180e-001 -4.6209767315410879e+001
    -9.6357809310489628e+001 3.6764275747402507e+002
    -2.4162135362020135e-001 -6.0811523617348173e-001
    6.4674803451215526e-002 -1.1172228001620238e+002
    -8.5247983201008864e+001 3.8822971807777736e+002
    -4.2748236884471402e-001 -5.4166034458218593e-001
    3.9994965549980048e-002 -1.1253429846399935e+002
    -6.1464050936254239e+001 3.9548418501084075e+002
    -4.6618146109839964e-001 6.3190233058872158e-001
    -3.3508400440399427e-001 -5.5321986348747458e+001
    1.7950259274273495e+001 5.1972740991704848e+002
    -4.3239222765978513e-001 6.7045105593208931e-001
    -4.3372677975105250e-001 -7.7213364365648800e+001
    2.5430447125657608e+001 5.3181780687430160e+002
    -4.3295074036316239e-001 8.6648259664731053e-001
    -3.5353519847422388e-001 -4.6676682035460878e+001
    2.1918538666167276e+001 5.5453203562744523e+002
    -3.5090304676909823e-001 8.2267021581026445e-001
    1.5012111949576541e-002 -1.7362212022554623e+001
    -3.3769086909778508e+001 5.4324270519012953e+002
    -2.7178073315003232e-001 7.1272992329795481e-001
    7.0970670347656306e-002 -3.9226794631914458e+001
    -5.3261247263534742e+001 5.5866797400555629e+002
    -2.4605851538569623e-001 6.0926319016467445e-001
    2.1339483170775950e-001 -2.1780202666892638e+001
    -7.0100265467275918e+001 5.7786164857048925e+002
    -2.1881929575760459e-001 4.8896155079009396e-001
    4.1041103808420343e-001 1.7424762254263961e+000
    -1.2337699919124596e+002 5.7898749227603412e+002
    -2.0980923747221372e-001 4.3197277946439960e-001
    4.1038422661610702e-001 -1.2260331784801203e+001
    -1.2598192130567121e+002 5.9276622960944428e+002</data></Extrinsic_Parameters>
